5217337, 400
5120701, 400
5142068, 400
5132762, 400
5381813, 400
5381531, 400
5374080, 400
5376167, 400
5383119, 400
5375076, 400
5382250, 400
5383243, 400
5386846, 400
5387775, 400
5370695, 400
5400275, 400
5368180, 400
5400463, 400
5390503, 400
5390537, 400
5395255, 400
5392273, 400
5392377, 400
5391826, 400
5404344, 400
5403083, 400
5403737, 400
5399044, 400
5282122, 400
5391675, 400
5403369, 400
5402874, 400
5369582, 400
5392566, 400
5395453, 400
5395039, 400
5368294, 400
5380146, 400
5403907, 400
5123596, 400
5386916, 400
5285722, 400
5380386, 400
5380403, 400
5164400, 400
5377283, 400
5372796, 400
5390873, 400
5376594, 400
5372665, 400
5377348, 400
5372327, 400
5375429, 400
5133184, 400
5406571, 400
5406991, 400
5407783, 400
5406919, 400
5392266, 400
5390557, 400
5400254, 400
5390727, 400
5400294, 400
5392847, 400
5406655, 400
5400026, 400
5390802, 400
5399660, 400
5399724, 400
5390680, 400
5408220, 400
5392001, 400
5398897, 400
5342997, 400
5390797, 400
5390544, 400
5387917, 400
5398834, 400
5391132, 400
5407684, 400
5391314, 400
5391482, 400
5407318, 400
5330308, 400
5387528, 400
5387056, 400
5396550, 400
5386347, 400
5396825, 400
5387760, 400
5387956, 400
5396884, 400
5387401, 400
5403432, 400
5404519, 400
5403933, 400
5403193, 400
5404131, 400
5402825, 400
5404159, 400
5403748, 400
5403255, 400
5403516, 400
5403566, 400
5387073, 400
5396490, 400
5395925, 400
5391571, 400
5395859, 400
5395609, 400
5392089, 400
5386406, 400
5395714, 400
5234667, 400
5396711, 400
5386574, 400
5237807, 400
5392489, 400
5392907, 400
5395928, 400
5396244, 400
5396244, 400
5392532, 400
5400509, 400
5380682, 400
5398791, 400
5396119, 400
5404273, 400
5396638, 400
5364490, 400
5282239, 400
5399282, 400
5196864, 400
5171516, 400
5310194, 400
5139644, 400
5370282, 400
5137199, 400
5120655, 400
5313708, 400
5197912, 400
5120282, 400
5142705, 400
5213193, 400
5301416, 400
5137172, 400
5334771, 400
5207222, 400
5113029, 400
5159115, 400
5354373, 400
5213501, 400
5373155, 400
5353577, 400
5129718, 400
5150478, 400
5308549, 400
5398994, 400
5289642, 400
5105166, 400
5380835, 400
5304223, 400
5125598, 400
5214450, 400
5377384, 400
5312261, 400
5341939, 400
5144967, 400
5138086, 400
5320862, 400
5176036, 400
5189729, 400
5166258, 400
5350934, 400
5113404, 400
5112344, 400
5104405, 400
5335895, 400
5195385, 400
5313842, 400
5134796, 400
5360389, 400
5251727, 400
5386029, 400
5113319, 400
5259842, 400
5123343, 400
5219823, 400
5363023, 400
5170564, 400
5170829, 400
5331207, 400
5207723, 400
5110784, 400
5257070, 400
5302026, 400
5137229, 400
5104037, 400
5206624, 400
5135776, 400
5334967, 400
5370725, 400
5358984, 400
5382034, 400
5230265, 400
5123787, 400
5129818, 400
5172947, 400
5110127, 400
5390770, 400
5154645, 400
5349759, 400
5382504, 400
5140201, 400
5261167, 400
5255809, 400
5123416, 400
5109848, 400
5110226, 400
5251463, 400
5190252, 400
5268510, 400
5154799, 400
5170679, 400
5252359, 400
5120201, 400
5256415, 400
5380093, 400
5110592, 400
5135293, 400
5146861, 400
5255785, 400
5197948, 400
5362893, 400
5358887, 400
5113397, 400
5142041, 400
5135062, 400
5158900, 400
5317575, 400
5309875, 400
5223621, 400
5112356, 400
5251334, 400
5244435, 400
5209911, 400
5168896, 400
5313138, 400
5135824, 400
5351178, 400
5170722, 400
5342233, 400
5149632, 400
5207681, 400
5206374, 400
5395649, 400
5214711, 400
5309768, 400
5354011, 400
5310128, 400
5166254, 400
5369581, 400
5115369, 400
5357969, 400
5135680, 400
5171245, 400
5154382, 400
5364917, 400
5107487, 400
5112457, 400
5381954, 400
5122317, 400
5240619, 400
5107439, 400
5251136, 400
5112598, 400
5170781, 400
5380484, 400
5207746, 400
5209682, 400
5326042, 400
5198124, 400
5139593, 400
5281342, 400
5210650, 400
5252008, 400
5331206, 400
5187231, 400
5147353, 400
5375122, 400
5252591, 400
5308475, 400
5255628, 400
5251779, 400
5247554, 400
5185297, 400
5117714, 400
5256364, 400
5139947, 400
5312494, 400
5349630, 400
5110822, 400
5143419, 400
5251778, 400
5302034, 400
5226901, 400
5152019, 400
5139579, 400
5199797, 400
5309388, 400
5227955, 400
5125401, 400
5370269, 400
5248077, 400
5206521, 400
5104145, 400
5326109, 400
5149460, 400
5120693, 400
5166597, 400
5327213, 400
5313272, 400
5304989, 400
5345849, 400
5166280, 400
5264863, 400
5115732, 400
5373959, 400
5385857, 400
5256769, 400
5339659, 400
5276979, 400
5123790, 400
5173874, 400
5187971, 400
5251450, 400
5112693, 400
5386210, 400
5210195, 400
5304678, 400
5264253, 400
5171518, 400
5171597, 400
5122426, 400
5123733, 400
5251760, 400
5122343, 400
5138037, 400
5260796, 400
5265129, 400
5309142, 400
5369898, 400
5301974, 400
5335569, 400
5220650, 400
5261184, 400
5308879, 400
5353800, 400
5243580, 400
5289796, 400
5251484, 400
5217200, 400
5112934, 400
5264430, 400
5149814, 400
5115242, 400
5140237, 400
5301450, 400
5117830, 400
5251476, 400
5168149, 400
5175848, 400
5154924, 400
5354186, 400
5379898, 400
5261505, 400
5149614, 400
5125914, 400
5381948, 400
5370676, 400
5108115, 400
5369278, 400
5189895, 400
5230111, 400
5149197, 400
5139635, 400
5115902, 400
5354129, 400
5163478, 400
5256385, 400
5391230, 400
5364421, 400
5310019, 400
5252743, 400
5116362, 400
5135524, 400
5128104, 400
5131047, 400
5380893, 400
5367803, 400
5373253, 400
5261283, 400
5264313, 400
5251473, 400
5309892, 400
5154503, 400
5268796, 400
5312927, 400
5198206, 400
5147906, 400
5403113, 400
5369232, 400
5338470, 400
5158845, 400
5381088, 400
5312886, 400
5154309, 400
5110420, 400
5354089, 400
5140761, 400
5109971, 400
5162346, 400
5110340, 400
5115075, 400
5382059, 400
5402821, 400
5197051, 400
5320596, 400
5123000, 400
5251413, 400
5304364, 400
5241561, 400
5146717, 400
5192779, 400
5137997, 400
5364327, 400
5233763, 400
5300998, 400
5210934, 400
5251614, 400
5185896, 400
5110435, 400
5274210, 400
5264328, 400
5380647, 400
5277649, 400
5168213, 400
5346622, 400
5190406, 400
5118515, 400
5354212, 400
5335352, 400
5252116, 400
5120740, 400
5285895, 400
5213365, 400
5163965, 400
5255766, 400
5350815, 400
5115658, 400
5170641, 400
5261694, 400
5313295, 400
5139357, 400
5175242, 400
5308834, 400
5142917, 400
5355484, 400
5185600, 400
5157286, 400
5188007, 400
5118472, 400
5148064, 400
5193161, 400
5159269, 400
5245014, 400
5302369, 400
5343333, 400
5104729, 400
5381989, 400
5198123, 400
5354958, 400
5373644, 400
5173063, 400
5198279, 400
5358619, 400
5123169, 400
5104568, 400
5369195, 400
5188215, 400
5331049, 400
5140513, 400
5140328, 400
5206691, 400
5252727, 400
5203259, 400
5117854, 400
5127593, 400
5331192, 400
5305665, 400
5257157, 400
5399835, 400
5144955, 400
5107475, 400
5374247, 400
5146907, 400
5211212, 400
5237575, 400
5149406, 400
5156872, 400
5116288, 400
5109686, 400
5140408, 400
5343296, 400
5146744, 400
5289908, 400
5251924, 400
5369325, 400
5382058, 400
5144541, 400
5204110, 400
5256502, 400
5196925, 400
5195615, 400
5372285, 400
5113174, 400
5107357, 400
5140122, 400
5157155, 400
5346462, 400
5338505, 400
5301476, 400
5343008, 400
5300284, 400
5247749, 400
5198188, 400
5339728, 400
5210582, 400
5113525, 400
5128505, 400
5399701, 400
5373047, 400
5251696, 400
5252023, 400
5123607, 400
5121137, 400
5301003, 400
5331141, 400
5147940, 400
5168604, 400
5353969, 400
5256641, 400
5252157, 400
5130788, 400
5244347, 400
5197486, 400
5309132, 400
5157083, 400
5266095, 400
5207002, 400
5369307, 400
5285362, 400
5227133, 400
5189223, 400
5197742, 400
5197131, 400
5115823, 400
5316130, 400
5227944, 400
5210178, 400
5196823, 400
5125156, 400
5309759, 400
5118548, 400
5251868, 400
5154258, 400
5140561, 400
5374899, 400
5277511, 400
5203043, 400
5265012, 400
5197415, 400
5312715, 400
5138137, 400
5354254, 400
5313620, 400
5302396, 400
5252560, 400
5112557, 400
5115143, 400
5260995, 400
5312683, 400
5134759, 400
5135793, 400
5241491, 400
5260457, 400
5261440, 400
5132344, 400
5145626, 400
5159657, 400
5197287, 400
5302186, 400
5382170, 400
5108193, 400
5155043, 400
5331614, 400
5149965, 400
5192206, 400
5354392, 400
5123322, 400
5395799, 400
5135727, 400
5211135, 400
5110909, 400
5206748, 400
5102175, 400
5192037, 400
5308627, 400
5251730, 400
5251812, 400
5110232, 400
5181079, 400
5385523, 400
5207217, 400
5220820, 400
5108199, 400
5395341, 400
5196776, 400
5382625, 400
5251712, 400
5142946, 400
5115831, 400
5269566, 400
5171140, 400
5116370, 400
5301448, 400
5107471, 400
5343228, 400
5185442, 400
5373889, 400
5118516, 400
5107418, 400
5260545, 400
5256005, 400
5185677, 400


